   0.00093447   0.01367673  -0.02181161  -0.00000000  -0.16963731   0.29269807  -0.87538406   0.12229842  -0.32192109
   0.08029381   0.84836663  -0.07075857  -0.00000000  -0.27839285  -0.41493070  -0.06819812  -0.11116414  -0.04627834
  -0.00139284   0.00330667  -0.00678998  -0.00000000  -0.08489811   0.10784957  -0.31649698  -0.33260554   0.87767022
   0.01665035   0.14337895   0.07592254   0.00000000   0.25033157   0.35954283   0.06984265  -0.82579397  -0.30765305
   0.91814191  -0.09126999   0.37800527   0.00000000  -0.00108603  -0.06848365  -0.03297256   0.00355519   0.00249269
   0.38301885  -0.03976094  -0.90166042  -0.00000000  -0.04810820   0.16869552   0.08793737  -0.01386023  -0.00514248
   0.03320398   0.35460646   0.13029414   0.57735027  -0.04247879   0.60878389   0.21485216   0.30250078   0.11292217
   0.04767517   0.35192969   0.00447252  -0.57735027   0.61861402   0.22634434  -0.04413426   0.29729607   0.12755935
   0.01447119  -0.00267677  -0.12582162   0.57735027   0.66109280  -0.38243955  -0.25898642  -0.00520470   0.01463718
