  4
  0.100000D+01	0.684800D+00  0.197047D+00  0.471635D+00
  0.684800D+00  0.100000D+01  0.257118D+00  0.635457D+00
  0.197047D+00  0.257118D+00  0.100000D+01  0.634152D+00
  0.471635D+00  0.635457D+00  0.634152D+00  0.100000D+01
 -0.145859D+01 -0.114475D+01 -0.689358D+00 -0.981999D+00
 -0.114475D+01 -0.123490D+01 -0.838241D+00 -0.113018D+01
 -0.689358D+00 -0.838241D+00 -0.240943D+01 -0.188105D+01
 -0.981999D+00 -0.113018D+01 -0.188105D+01 -0.180306D+01
  1.0583544172   
