  -0.03950421   0.05721182  -0.04246490   0.00000000  -0.19100143  -0.05135828  -0.23189589   0.06968746   0.94636763
   0.00433135   0.10833985  -0.15655694   0.00000000  -0.32079517   0.28874957  -0.82091850  -0.20432650  -0.24857853
  -0.02264359  -0.01402300   0.08974580   0.00000000   0.41497024   0.04531106   0.00843778  -0.88996028   0.15774163
  -0.28261678   0.09851658   0.91403764  -0.00000000  -0.13116072  -0.17066040  -0.15981366   0.01707605  -0.05288978
   0.26655603  -0.88003170   0.09716028  -0.00000000  -0.31025037  -0.16923151  -0.03680889  -0.13710706  -0.00203588
  -0.90700934  -0.31016267  -0.26237182  -0.00000000   0.05741176  -0.07714236  -0.03927678   0.01787488  -0.03442348
   0.09945612   0.08330911  -0.13366130  -0.57735027   0.21368230  -0.70787634  -0.28091844   0.03062443  -0.07326212
   0.11857697  -0.17516316   0.04517479   0.57735027   0.60842060  -0.13418337  -0.39089403   0.28040541   0.01664718
   0.01912085  -0.25847227   0.17883609  -0.57735027   0.39473831   0.57369296  -0.10997559   0.24978098   0.08990930
