  -4.34782965  -0.00031449  -1.10708606   0.01174744   0.00936738  -0.02605503  -0.09194499  -0.01298820
  -0.00031449  -6.53931172  -0.02835234   0.09112739  -0.00082689  -0.01174744  -0.97685353   0.55073918
  -1.10708606  -0.02835234  -1.74028306  -0.09526801   0.01148749  -0.00936738   0.01438761  -0.11856815
   0.01174744   0.09112739  -0.09526801  -2.42373803  -0.02835234   0.06059192  -1.31144580   0.77041106
   0.00936738  -0.00082689   0.01148749  -0.02835234  -7.06116457  -0.76130252  -0.01438761   0.03332300
  -0.02605503  -0.01174744  -0.00936738   0.06059192  -0.76130252  -5.55313747   0.02372128   0.05379175
  -0.09194499  -0.97685353   0.01438761  -1.31144580  -0.01438761   0.02372128  -4.87275410  -0.05635432
  -0.01298820   0.55073918  -0.11856815   0.77041106   0.03332300   0.05379175  -0.05635432  -4.96696155
